{
 "cells": [
  {
   "cell_type": "markdown",
   "id": "f6285319-d2b7-48c9-85a0-eb9b76ef454c",
   "metadata": {},
   "source": [
    "# Que 03"
   ]
  },
  {
   "cell_type": "markdown",
   "id": "00e9d79b-7a65-459b-b05d-7b85ff88ec75",
   "metadata": {},
   "source": [
    "The model's main purpose is to predict the 10-year risk of Coronary Heart Disease (CHD). CHD is a disease of the blood vessels supplying the heart. Heart disease has been the leading cause of death worldwide since 1921. In 2008, 7.3 million people died from CHD. \n",
    "The classification goal is to predict whether the patient has 10-year risk of future coronary heart disease (CHD).The dataset provides the patients’ information. It includes over 4,000 records and 15 attributes.\n",
    "Variables\n",
    "Sex: male or female(0=female, 1=male)\n",
    "Age: Age of the patient\n",
    "education: Some high school (1), high school/GED (2), some college/vocational school (3), college (4)\n",
    "Current Smoker: whether or not the patient is a current smoker (0=No, 1=Yes)\n",
    "Cigs Per Day: the number of cigarettes that the person smoked on average in one day\n",
    "BP Meds: whether or not the patient was on blood pressure medication \n",
    "Prevalent Stroke: whether or not the patient had previously had a stroke (0=No, 1=Yes)\n",
    "Prevalent Hyp: whether or not the patient was hypertensive (0=No, 1=Yes)\n",
    "Diabetes: whether or not the patient had diabetes (0=No, 1=Yes)\n",
    "Tot Chol: total cholesterol level\n",
    "Sys BP: systolic blood pressure \n",
    "Dia BP: diastolic blood pressure\n",
    "BMI: Body Mass Index\n",
    "Heart Rate: heart rate\n",
    "Glucose: glucose level\n",
    "\n",
    "Prepare model by using Decision Tree, Random Forest, CatBoost, XGBoost & Also calculate Accuracy by confusion matrix, Calculate accuracy score, precision score, recall score, f1 score,precision, recall.\n",
    "\n",
    "Datasets : framingham.csv\n"
   ]
  },
  {
   "cell_type": "code",
   "execution_count": 2,
   "id": "bd2b3558-f450-4689-a867-e06ac0bfc223",
   "metadata": {},
   "outputs": [],
   "source": [
    "import numpy as np\n",
    "import pandas as pd\n",
    "import matplotlib.pyplot as plt\n",
    "import seaborn as sns"
   ]
  },
  {
   "cell_type": "code",
   "execution_count": 3,
   "id": "9798d9c6-2608-45f5-9ece-b5454d4a40a6",
   "metadata": {},
   "outputs": [
    {
     "data": {
      "text/html": [
       "<div>\n",
       "<style scoped>\n",
       "    .dataframe tbody tr th:only-of-type {\n",
       "        vertical-align: middle;\n",
       "    }\n",
       "\n",
       "    .dataframe tbody tr th {\n",
       "        vertical-align: top;\n",
       "    }\n",
       "\n",
       "    .dataframe thead th {\n",
       "        text-align: right;\n",
       "    }\n",
       "</style>\n",
       "<table border=\"1\" class=\"dataframe\">\n",
       "  <thead>\n",
       "    <tr style=\"text-align: right;\">\n",
       "      <th></th>\n",
       "      <th>male</th>\n",
       "      <th>age</th>\n",
       "      <th>education</th>\n",
       "      <th>currentSmoker</th>\n",
       "      <th>cigsPerDay</th>\n",
       "      <th>BPMeds</th>\n",
       "      <th>prevalentStroke</th>\n",
       "      <th>prevalentHyp</th>\n",
       "      <th>diabetes</th>\n",
       "      <th>totChol</th>\n",
       "      <th>sysBP</th>\n",
       "      <th>diaBP</th>\n",
       "      <th>BMI</th>\n",
       "      <th>heartRate</th>\n",
       "      <th>glucose</th>\n",
       "      <th>TenYearCHD</th>\n",
       "    </tr>\n",
       "  </thead>\n",
       "  <tbody>\n",
       "    <tr>\n",
       "      <th>0</th>\n",
       "      <td>1</td>\n",
       "      <td>39</td>\n",
       "      <td>4.0</td>\n",
       "      <td>0</td>\n",
       "      <td>0.0</td>\n",
       "      <td>0.0</td>\n",
       "      <td>0</td>\n",
       "      <td>0</td>\n",
       "      <td>0</td>\n",
       "      <td>195.0</td>\n",
       "      <td>106.0</td>\n",
       "      <td>70.0</td>\n",
       "      <td>26.97</td>\n",
       "      <td>80.0</td>\n",
       "      <td>77.0</td>\n",
       "      <td>0</td>\n",
       "    </tr>\n",
       "    <tr>\n",
       "      <th>1</th>\n",
       "      <td>0</td>\n",
       "      <td>46</td>\n",
       "      <td>2.0</td>\n",
       "      <td>0</td>\n",
       "      <td>0.0</td>\n",
       "      <td>0.0</td>\n",
       "      <td>0</td>\n",
       "      <td>0</td>\n",
       "      <td>0</td>\n",
       "      <td>250.0</td>\n",
       "      <td>121.0</td>\n",
       "      <td>81.0</td>\n",
       "      <td>28.73</td>\n",
       "      <td>95.0</td>\n",
       "      <td>76.0</td>\n",
       "      <td>0</td>\n",
       "    </tr>\n",
       "    <tr>\n",
       "      <th>2</th>\n",
       "      <td>1</td>\n",
       "      <td>48</td>\n",
       "      <td>1.0</td>\n",
       "      <td>1</td>\n",
       "      <td>20.0</td>\n",
       "      <td>0.0</td>\n",
       "      <td>0</td>\n",
       "      <td>0</td>\n",
       "      <td>0</td>\n",
       "      <td>245.0</td>\n",
       "      <td>127.5</td>\n",
       "      <td>80.0</td>\n",
       "      <td>25.34</td>\n",
       "      <td>75.0</td>\n",
       "      <td>70.0</td>\n",
       "      <td>0</td>\n",
       "    </tr>\n",
       "    <tr>\n",
       "      <th>3</th>\n",
       "      <td>0</td>\n",
       "      <td>61</td>\n",
       "      <td>3.0</td>\n",
       "      <td>1</td>\n",
       "      <td>30.0</td>\n",
       "      <td>0.0</td>\n",
       "      <td>0</td>\n",
       "      <td>1</td>\n",
       "      <td>0</td>\n",
       "      <td>225.0</td>\n",
       "      <td>150.0</td>\n",
       "      <td>95.0</td>\n",
       "      <td>28.58</td>\n",
       "      <td>65.0</td>\n",
       "      <td>103.0</td>\n",
       "      <td>1</td>\n",
       "    </tr>\n",
       "    <tr>\n",
       "      <th>4</th>\n",
       "      <td>0</td>\n",
       "      <td>46</td>\n",
       "      <td>3.0</td>\n",
       "      <td>1</td>\n",
       "      <td>23.0</td>\n",
       "      <td>0.0</td>\n",
       "      <td>0</td>\n",
       "      <td>0</td>\n",
       "      <td>0</td>\n",
       "      <td>285.0</td>\n",
       "      <td>130.0</td>\n",
       "      <td>84.0</td>\n",
       "      <td>23.10</td>\n",
       "      <td>85.0</td>\n",
       "      <td>85.0</td>\n",
       "      <td>0</td>\n",
       "    </tr>\n",
       "    <tr>\n",
       "      <th>5</th>\n",
       "      <td>0</td>\n",
       "      <td>43</td>\n",
       "      <td>2.0</td>\n",
       "      <td>0</td>\n",
       "      <td>0.0</td>\n",
       "      <td>0.0</td>\n",
       "      <td>0</td>\n",
       "      <td>1</td>\n",
       "      <td>0</td>\n",
       "      <td>228.0</td>\n",
       "      <td>180.0</td>\n",
       "      <td>110.0</td>\n",
       "      <td>30.30</td>\n",
       "      <td>77.0</td>\n",
       "      <td>99.0</td>\n",
       "      <td>0</td>\n",
       "    </tr>\n",
       "    <tr>\n",
       "      <th>6</th>\n",
       "      <td>0</td>\n",
       "      <td>63</td>\n",
       "      <td>1.0</td>\n",
       "      <td>0</td>\n",
       "      <td>0.0</td>\n",
       "      <td>0.0</td>\n",
       "      <td>0</td>\n",
       "      <td>0</td>\n",
       "      <td>0</td>\n",
       "      <td>205.0</td>\n",
       "      <td>138.0</td>\n",
       "      <td>71.0</td>\n",
       "      <td>33.11</td>\n",
       "      <td>60.0</td>\n",
       "      <td>85.0</td>\n",
       "      <td>1</td>\n",
       "    </tr>\n",
       "    <tr>\n",
       "      <th>7</th>\n",
       "      <td>0</td>\n",
       "      <td>45</td>\n",
       "      <td>2.0</td>\n",
       "      <td>1</td>\n",
       "      <td>20.0</td>\n",
       "      <td>0.0</td>\n",
       "      <td>0</td>\n",
       "      <td>0</td>\n",
       "      <td>0</td>\n",
       "      <td>313.0</td>\n",
       "      <td>100.0</td>\n",
       "      <td>71.0</td>\n",
       "      <td>21.68</td>\n",
       "      <td>79.0</td>\n",
       "      <td>78.0</td>\n",
       "      <td>0</td>\n",
       "    </tr>\n",
       "    <tr>\n",
       "      <th>8</th>\n",
       "      <td>1</td>\n",
       "      <td>52</td>\n",
       "      <td>1.0</td>\n",
       "      <td>0</td>\n",
       "      <td>0.0</td>\n",
       "      <td>0.0</td>\n",
       "      <td>0</td>\n",
       "      <td>1</td>\n",
       "      <td>0</td>\n",
       "      <td>260.0</td>\n",
       "      <td>141.5</td>\n",
       "      <td>89.0</td>\n",
       "      <td>26.36</td>\n",
       "      <td>76.0</td>\n",
       "      <td>79.0</td>\n",
       "      <td>0</td>\n",
       "    </tr>\n",
       "    <tr>\n",
       "      <th>9</th>\n",
       "      <td>1</td>\n",
       "      <td>43</td>\n",
       "      <td>1.0</td>\n",
       "      <td>1</td>\n",
       "      <td>30.0</td>\n",
       "      <td>0.0</td>\n",
       "      <td>0</td>\n",
       "      <td>1</td>\n",
       "      <td>0</td>\n",
       "      <td>225.0</td>\n",
       "      <td>162.0</td>\n",
       "      <td>107.0</td>\n",
       "      <td>23.61</td>\n",
       "      <td>93.0</td>\n",
       "      <td>88.0</td>\n",
       "      <td>0</td>\n",
       "    </tr>\n",
       "  </tbody>\n",
       "</table>\n",
       "</div>"
      ],
      "text/plain": [
       "   male  age  education  currentSmoker  cigsPerDay  BPMeds  prevalentStroke  \\\n",
       "0     1   39        4.0              0         0.0     0.0                0   \n",
       "1     0   46        2.0              0         0.0     0.0                0   \n",
       "2     1   48        1.0              1        20.0     0.0                0   \n",
       "3     0   61        3.0              1        30.0     0.0                0   \n",
       "4     0   46        3.0              1        23.0     0.0                0   \n",
       "5     0   43        2.0              0         0.0     0.0                0   \n",
       "6     0   63        1.0              0         0.0     0.0                0   \n",
       "7     0   45        2.0              1        20.0     0.0                0   \n",
       "8     1   52        1.0              0         0.0     0.0                0   \n",
       "9     1   43        1.0              1        30.0     0.0                0   \n",
       "\n",
       "   prevalentHyp  diabetes  totChol  sysBP  diaBP    BMI  heartRate  glucose  \\\n",
       "0             0         0    195.0  106.0   70.0  26.97       80.0     77.0   \n",
       "1             0         0    250.0  121.0   81.0  28.73       95.0     76.0   \n",
       "2             0         0    245.0  127.5   80.0  25.34       75.0     70.0   \n",
       "3             1         0    225.0  150.0   95.0  28.58       65.0    103.0   \n",
       "4             0         0    285.0  130.0   84.0  23.10       85.0     85.0   \n",
       "5             1         0    228.0  180.0  110.0  30.30       77.0     99.0   \n",
       "6             0         0    205.0  138.0   71.0  33.11       60.0     85.0   \n",
       "7             0         0    313.0  100.0   71.0  21.68       79.0     78.0   \n",
       "8             1         0    260.0  141.5   89.0  26.36       76.0     79.0   \n",
       "9             1         0    225.0  162.0  107.0  23.61       93.0     88.0   \n",
       "\n",
       "   TenYearCHD  \n",
       "0           0  \n",
       "1           0  \n",
       "2           0  \n",
       "3           1  \n",
       "4           0  \n",
       "5           0  \n",
       "6           1  \n",
       "7           0  \n",
       "8           0  \n",
       "9           0  "
      ]
     },
     "execution_count": 3,
     "metadata": {},
     "output_type": "execute_result"
    }
   ],
   "source": [
    "df = pd.read_csv('./framingham.csv')\n",
    "df.head(10)"
   ]
  },
  {
   "cell_type": "code",
   "execution_count": 4,
   "id": "c279d247-efd9-4f73-b781-aa8644b49a80",
   "metadata": {},
   "outputs": [
    {
     "name": "stdout",
     "output_type": "stream",
     "text": [
      "<class 'pandas.core.frame.DataFrame'>\n",
      "RangeIndex: 4240 entries, 0 to 4239\n",
      "Data columns (total 16 columns):\n",
      " #   Column           Non-Null Count  Dtype  \n",
      "---  ------           --------------  -----  \n",
      " 0   male             4240 non-null   int64  \n",
      " 1   age              4240 non-null   int64  \n",
      " 2   education        4135 non-null   float64\n",
      " 3   currentSmoker    4240 non-null   int64  \n",
      " 4   cigsPerDay       4211 non-null   float64\n",
      " 5   BPMeds           4187 non-null   float64\n",
      " 6   prevalentStroke  4240 non-null   int64  \n",
      " 7   prevalentHyp     4240 non-null   int64  \n",
      " 8   diabetes         4240 non-null   int64  \n",
      " 9   totChol          4190 non-null   float64\n",
      " 10  sysBP            4240 non-null   float64\n",
      " 11  diaBP            4240 non-null   float64\n",
      " 12  BMI              4221 non-null   float64\n",
      " 13  heartRate        4239 non-null   float64\n",
      " 14  glucose          3852 non-null   float64\n",
      " 15  TenYearCHD       4240 non-null   int64  \n",
      "dtypes: float64(9), int64(7)\n",
      "memory usage: 530.1 KB\n"
     ]
    }
   ],
   "source": [
    "df.info()"
   ]
  },
  {
   "cell_type": "code",
   "execution_count": 5,
   "id": "3db6a046-ee1c-4811-8fc8-f329a2390690",
   "metadata": {},
   "outputs": [
    {
     "data": {
      "text/plain": [
       "male                 0\n",
       "age                  0\n",
       "education          105\n",
       "currentSmoker        0\n",
       "cigsPerDay          29\n",
       "BPMeds              53\n",
       "prevalentStroke      0\n",
       "prevalentHyp         0\n",
       "diabetes             0\n",
       "totChol             50\n",
       "sysBP                0\n",
       "diaBP                0\n",
       "BMI                 19\n",
       "heartRate            1\n",
       "glucose            388\n",
       "TenYearCHD           0\n",
       "dtype: int64"
      ]
     },
     "execution_count": 5,
     "metadata": {},
     "output_type": "execute_result"
    }
   ],
   "source": [
    "df.isnull().sum()"
   ]
  },
  {
   "cell_type": "code",
   "execution_count": 6,
   "id": "95b0010b-c440-4bf4-9f49-5b53d3cce4b3",
   "metadata": {},
   "outputs": [],
   "source": [
    "from miceforest import ImputationKernel\n",
    "fillk = ImputationKernel(\n",
    "    data = df,\n",
    "    random_state = 12345,\n",
    "    datasets=4,\n",
    "    save_all_iterations=True\n",
    ")\n",
    "\n",
    "fillk.mice(3)\n",
    "df = fillk.complete_data()"
   ]
  },
  {
   "cell_type": "code",
   "execution_count": 7,
   "id": "ab88c182-cb70-49da-90fe-4e1c68a54036",
   "metadata": {},
   "outputs": [
    {
     "data": {
      "text/plain": [
       "male               0\n",
       "age                0\n",
       "education          0\n",
       "currentSmoker      0\n",
       "cigsPerDay         0\n",
       "BPMeds             0\n",
       "prevalentStroke    0\n",
       "prevalentHyp       0\n",
       "diabetes           0\n",
       "totChol            0\n",
       "sysBP              0\n",
       "diaBP              0\n",
       "BMI                0\n",
       "heartRate          0\n",
       "glucose            0\n",
       "TenYearCHD         0\n",
       "dtype: int64"
      ]
     },
     "execution_count": 7,
     "metadata": {},
     "output_type": "execute_result"
    }
   ],
   "source": [
    "df.isnull().sum()"
   ]
  },
  {
   "cell_type": "code",
   "execution_count": 8,
   "id": "4ccd393e-078a-4160-9969-d00f2aaab005",
   "metadata": {},
   "outputs": [
    {
     "data": {
      "text/html": [
       "<div>\n",
       "<style scoped>\n",
       "    .dataframe tbody tr th:only-of-type {\n",
       "        vertical-align: middle;\n",
       "    }\n",
       "\n",
       "    .dataframe tbody tr th {\n",
       "        vertical-align: top;\n",
       "    }\n",
       "\n",
       "    .dataframe thead th {\n",
       "        text-align: right;\n",
       "    }\n",
       "</style>\n",
       "<table border=\"1\" class=\"dataframe\">\n",
       "  <thead>\n",
       "    <tr style=\"text-align: right;\">\n",
       "      <th></th>\n",
       "      <th>male</th>\n",
       "      <th>age</th>\n",
       "      <th>education</th>\n",
       "      <th>currentSmoker</th>\n",
       "      <th>cigsPerDay</th>\n",
       "      <th>BPMeds</th>\n",
       "      <th>prevalentStroke</th>\n",
       "      <th>prevalentHyp</th>\n",
       "      <th>diabetes</th>\n",
       "      <th>totChol</th>\n",
       "      <th>sysBP</th>\n",
       "      <th>diaBP</th>\n",
       "      <th>BMI</th>\n",
       "      <th>heartRate</th>\n",
       "      <th>glucose</th>\n",
       "      <th>TenYearCHD</th>\n",
       "    </tr>\n",
       "  </thead>\n",
       "  <tbody>\n",
       "    <tr>\n",
       "      <th>male</th>\n",
       "      <td>1.000000</td>\n",
       "      <td>-0.029014</td>\n",
       "      <td>0.015208</td>\n",
       "      <td>0.197026</td>\n",
       "      <td>0.316976</td>\n",
       "      <td>-0.054550</td>\n",
       "      <td>-0.004550</td>\n",
       "      <td>0.005853</td>\n",
       "      <td>0.015693</td>\n",
       "      <td>-0.071055</td>\n",
       "      <td>-0.035879</td>\n",
       "      <td>0.058199</td>\n",
       "      <td>0.081303</td>\n",
       "      <td>-0.116818</td>\n",
       "      <td>0.001341</td>\n",
       "      <td>0.088374</td>\n",
       "    </tr>\n",
       "    <tr>\n",
       "      <th>age</th>\n",
       "      <td>-0.029014</td>\n",
       "      <td>1.000000</td>\n",
       "      <td>-0.173345</td>\n",
       "      <td>-0.213662</td>\n",
       "      <td>-0.193634</td>\n",
       "      <td>0.127245</td>\n",
       "      <td>0.057679</td>\n",
       "      <td>0.306799</td>\n",
       "      <td>0.101314</td>\n",
       "      <td>0.265339</td>\n",
       "      <td>0.394053</td>\n",
       "      <td>0.205586</td>\n",
       "      <td>0.140074</td>\n",
       "      <td>-0.012703</td>\n",
       "      <td>0.126203</td>\n",
       "      <td>0.225408</td>\n",
       "    </tr>\n",
       "    <tr>\n",
       "      <th>education</th>\n",
       "      <td>0.015208</td>\n",
       "      <td>-0.173345</td>\n",
       "      <td>1.000000</td>\n",
       "      <td>0.023382</td>\n",
       "      <td>0.010230</td>\n",
       "      <td>-0.016642</td>\n",
       "      <td>-0.034672</td>\n",
       "      <td>-0.085825</td>\n",
       "      <td>-0.041919</td>\n",
       "      <td>-0.025802</td>\n",
       "      <td>-0.134259</td>\n",
       "      <td>-0.063594</td>\n",
       "      <td>-0.143668</td>\n",
       "      <td>-0.055403</td>\n",
       "      <td>-0.038888</td>\n",
       "      <td>-0.055531</td>\n",
       "    </tr>\n",
       "    <tr>\n",
       "      <th>currentSmoker</th>\n",
       "      <td>0.197026</td>\n",
       "      <td>-0.213662</td>\n",
       "      <td>0.023382</td>\n",
       "      <td>1.000000</td>\n",
       "      <td>0.769183</td>\n",
       "      <td>-0.051893</td>\n",
       "      <td>-0.032980</td>\n",
       "      <td>-0.103710</td>\n",
       "      <td>-0.044285</td>\n",
       "      <td>-0.045382</td>\n",
       "      <td>-0.130281</td>\n",
       "      <td>-0.107933</td>\n",
       "      <td>-0.166702</td>\n",
       "      <td>0.062759</td>\n",
       "      <td>-0.055232</td>\n",
       "      <td>0.019448</td>\n",
       "    </tr>\n",
       "    <tr>\n",
       "      <th>cigsPerDay</th>\n",
       "      <td>0.316976</td>\n",
       "      <td>-0.193634</td>\n",
       "      <td>0.010230</td>\n",
       "      <td>0.769183</td>\n",
       "      <td>1.000000</td>\n",
       "      <td>-0.048881</td>\n",
       "      <td>-0.032935</td>\n",
       "      <td>-0.067142</td>\n",
       "      <td>-0.037638</td>\n",
       "      <td>-0.025975</td>\n",
       "      <td>-0.089049</td>\n",
       "      <td>-0.056438</td>\n",
       "      <td>-0.092420</td>\n",
       "      <td>0.075119</td>\n",
       "      <td>-0.054745</td>\n",
       "      <td>0.056768</td>\n",
       "    </tr>\n",
       "    <tr>\n",
       "      <th>BPMeds</th>\n",
       "      <td>-0.054550</td>\n",
       "      <td>0.127245</td>\n",
       "      <td>-0.016642</td>\n",
       "      <td>-0.051893</td>\n",
       "      <td>-0.048881</td>\n",
       "      <td>1.000000</td>\n",
       "      <td>0.131046</td>\n",
       "      <td>0.261785</td>\n",
       "      <td>0.058883</td>\n",
       "      <td>0.076641</td>\n",
       "      <td>0.255926</td>\n",
       "      <td>0.189609</td>\n",
       "      <td>0.096605</td>\n",
       "      <td>0.011192</td>\n",
       "      <td>0.056092</td>\n",
       "      <td>0.095260</td>\n",
       "    </tr>\n",
       "    <tr>\n",
       "      <th>prevalentStroke</th>\n",
       "      <td>-0.004550</td>\n",
       "      <td>0.057679</td>\n",
       "      <td>-0.034672</td>\n",
       "      <td>-0.032980</td>\n",
       "      <td>-0.032935</td>\n",
       "      <td>0.131046</td>\n",
       "      <td>1.000000</td>\n",
       "      <td>0.074791</td>\n",
       "      <td>0.006955</td>\n",
       "      <td>-0.000022</td>\n",
       "      <td>0.057000</td>\n",
       "      <td>0.045153</td>\n",
       "      <td>0.028074</td>\n",
       "      <td>-0.017680</td>\n",
       "      <td>0.017482</td>\n",
       "      <td>0.061823</td>\n",
       "    </tr>\n",
       "    <tr>\n",
       "      <th>prevalentHyp</th>\n",
       "      <td>0.005853</td>\n",
       "      <td>0.306799</td>\n",
       "      <td>-0.085825</td>\n",
       "      <td>-0.103710</td>\n",
       "      <td>-0.067142</td>\n",
       "      <td>0.261785</td>\n",
       "      <td>0.074791</td>\n",
       "      <td>1.000000</td>\n",
       "      <td>0.077752</td>\n",
       "      <td>0.164294</td>\n",
       "      <td>0.696656</td>\n",
       "      <td>0.615840</td>\n",
       "      <td>0.303683</td>\n",
       "      <td>0.146895</td>\n",
       "      <td>0.094679</td>\n",
       "      <td>0.177458</td>\n",
       "    </tr>\n",
       "    <tr>\n",
       "      <th>diabetes</th>\n",
       "      <td>0.015693</td>\n",
       "      <td>0.101314</td>\n",
       "      <td>-0.041919</td>\n",
       "      <td>-0.044285</td>\n",
       "      <td>-0.037638</td>\n",
       "      <td>0.058883</td>\n",
       "      <td>0.006955</td>\n",
       "      <td>0.077752</td>\n",
       "      <td>1.000000</td>\n",
       "      <td>0.038595</td>\n",
       "      <td>0.111265</td>\n",
       "      <td>0.050260</td>\n",
       "      <td>0.094290</td>\n",
       "      <td>0.048972</td>\n",
       "      <td>0.621650</td>\n",
       "      <td>0.097344</td>\n",
       "    </tr>\n",
       "    <tr>\n",
       "      <th>totChol</th>\n",
       "      <td>-0.071055</td>\n",
       "      <td>0.265339</td>\n",
       "      <td>-0.025802</td>\n",
       "      <td>-0.045382</td>\n",
       "      <td>-0.025975</td>\n",
       "      <td>0.076641</td>\n",
       "      <td>-0.000022</td>\n",
       "      <td>0.164294</td>\n",
       "      <td>0.038595</td>\n",
       "      <td>1.000000</td>\n",
       "      <td>0.209878</td>\n",
       "      <td>0.165867</td>\n",
       "      <td>0.114759</td>\n",
       "      <td>0.089872</td>\n",
       "      <td>0.044171</td>\n",
       "      <td>0.082697</td>\n",
       "    </tr>\n",
       "    <tr>\n",
       "      <th>sysBP</th>\n",
       "      <td>-0.035879</td>\n",
       "      <td>0.394053</td>\n",
       "      <td>-0.134259</td>\n",
       "      <td>-0.130281</td>\n",
       "      <td>-0.089049</td>\n",
       "      <td>0.255926</td>\n",
       "      <td>0.057000</td>\n",
       "      <td>0.696656</td>\n",
       "      <td>0.111265</td>\n",
       "      <td>0.209878</td>\n",
       "      <td>1.000000</td>\n",
       "      <td>0.783952</td>\n",
       "      <td>0.331705</td>\n",
       "      <td>0.182229</td>\n",
       "      <td>0.150986</td>\n",
       "      <td>0.216374</td>\n",
       "    </tr>\n",
       "    <tr>\n",
       "      <th>diaBP</th>\n",
       "      <td>0.058199</td>\n",
       "      <td>0.205586</td>\n",
       "      <td>-0.063594</td>\n",
       "      <td>-0.107933</td>\n",
       "      <td>-0.056438</td>\n",
       "      <td>0.189609</td>\n",
       "      <td>0.045153</td>\n",
       "      <td>0.615840</td>\n",
       "      <td>0.050260</td>\n",
       "      <td>0.165867</td>\n",
       "      <td>0.783952</td>\n",
       "      <td>1.000000</td>\n",
       "      <td>0.379401</td>\n",
       "      <td>0.180955</td>\n",
       "      <td>0.064870</td>\n",
       "      <td>0.145112</td>\n",
       "    </tr>\n",
       "    <tr>\n",
       "      <th>BMI</th>\n",
       "      <td>0.081303</td>\n",
       "      <td>0.140074</td>\n",
       "      <td>-0.143668</td>\n",
       "      <td>-0.166702</td>\n",
       "      <td>-0.092420</td>\n",
       "      <td>0.096605</td>\n",
       "      <td>0.028074</td>\n",
       "      <td>0.303683</td>\n",
       "      <td>0.094290</td>\n",
       "      <td>0.114759</td>\n",
       "      <td>0.331705</td>\n",
       "      <td>0.379401</td>\n",
       "      <td>1.000000</td>\n",
       "      <td>0.067959</td>\n",
       "      <td>0.092402</td>\n",
       "      <td>0.079056</td>\n",
       "    </tr>\n",
       "    <tr>\n",
       "      <th>heartRate</th>\n",
       "      <td>-0.116818</td>\n",
       "      <td>-0.012703</td>\n",
       "      <td>-0.055403</td>\n",
       "      <td>0.062759</td>\n",
       "      <td>0.075119</td>\n",
       "      <td>0.011192</td>\n",
       "      <td>-0.017680</td>\n",
       "      <td>0.146895</td>\n",
       "      <td>0.048972</td>\n",
       "      <td>0.089872</td>\n",
       "      <td>0.182229</td>\n",
       "      <td>0.180955</td>\n",
       "      <td>0.067959</td>\n",
       "      <td>1.000000</td>\n",
       "      <td>0.090418</td>\n",
       "      <td>0.023082</td>\n",
       "    </tr>\n",
       "    <tr>\n",
       "      <th>glucose</th>\n",
       "      <td>0.001341</td>\n",
       "      <td>0.126203</td>\n",
       "      <td>-0.038888</td>\n",
       "      <td>-0.055232</td>\n",
       "      <td>-0.054745</td>\n",
       "      <td>0.056092</td>\n",
       "      <td>0.017482</td>\n",
       "      <td>0.094679</td>\n",
       "      <td>0.621650</td>\n",
       "      <td>0.044171</td>\n",
       "      <td>0.150986</td>\n",
       "      <td>0.064870</td>\n",
       "      <td>0.092402</td>\n",
       "      <td>0.090418</td>\n",
       "      <td>1.000000</td>\n",
       "      <td>0.129600</td>\n",
       "    </tr>\n",
       "    <tr>\n",
       "      <th>TenYearCHD</th>\n",
       "      <td>0.088374</td>\n",
       "      <td>0.225408</td>\n",
       "      <td>-0.055531</td>\n",
       "      <td>0.019448</td>\n",
       "      <td>0.056768</td>\n",
       "      <td>0.095260</td>\n",
       "      <td>0.061823</td>\n",
       "      <td>0.177458</td>\n",
       "      <td>0.097344</td>\n",
       "      <td>0.082697</td>\n",
       "      <td>0.216374</td>\n",
       "      <td>0.145112</td>\n",
       "      <td>0.079056</td>\n",
       "      <td>0.023082</td>\n",
       "      <td>0.129600</td>\n",
       "      <td>1.000000</td>\n",
       "    </tr>\n",
       "  </tbody>\n",
       "</table>\n",
       "</div>"
      ],
      "text/plain": [
       "                     male       age  education  currentSmoker  cigsPerDay  \\\n",
       "male             1.000000 -0.029014   0.015208       0.197026    0.316976   \n",
       "age             -0.029014  1.000000  -0.173345      -0.213662   -0.193634   \n",
       "education        0.015208 -0.173345   1.000000       0.023382    0.010230   \n",
       "currentSmoker    0.197026 -0.213662   0.023382       1.000000    0.769183   \n",
       "cigsPerDay       0.316976 -0.193634   0.010230       0.769183    1.000000   \n",
       "BPMeds          -0.054550  0.127245  -0.016642      -0.051893   -0.048881   \n",
       "prevalentStroke -0.004550  0.057679  -0.034672      -0.032980   -0.032935   \n",
       "prevalentHyp     0.005853  0.306799  -0.085825      -0.103710   -0.067142   \n",
       "diabetes         0.015693  0.101314  -0.041919      -0.044285   -0.037638   \n",
       "totChol         -0.071055  0.265339  -0.025802      -0.045382   -0.025975   \n",
       "sysBP           -0.035879  0.394053  -0.134259      -0.130281   -0.089049   \n",
       "diaBP            0.058199  0.205586  -0.063594      -0.107933   -0.056438   \n",
       "BMI              0.081303  0.140074  -0.143668      -0.166702   -0.092420   \n",
       "heartRate       -0.116818 -0.012703  -0.055403       0.062759    0.075119   \n",
       "glucose          0.001341  0.126203  -0.038888      -0.055232   -0.054745   \n",
       "TenYearCHD       0.088374  0.225408  -0.055531       0.019448    0.056768   \n",
       "\n",
       "                   BPMeds  prevalentStroke  prevalentHyp  diabetes   totChol  \\\n",
       "male            -0.054550        -0.004550      0.005853  0.015693 -0.071055   \n",
       "age              0.127245         0.057679      0.306799  0.101314  0.265339   \n",
       "education       -0.016642        -0.034672     -0.085825 -0.041919 -0.025802   \n",
       "currentSmoker   -0.051893        -0.032980     -0.103710 -0.044285 -0.045382   \n",
       "cigsPerDay      -0.048881        -0.032935     -0.067142 -0.037638 -0.025975   \n",
       "BPMeds           1.000000         0.131046      0.261785  0.058883  0.076641   \n",
       "prevalentStroke  0.131046         1.000000      0.074791  0.006955 -0.000022   \n",
       "prevalentHyp     0.261785         0.074791      1.000000  0.077752  0.164294   \n",
       "diabetes         0.058883         0.006955      0.077752  1.000000  0.038595   \n",
       "totChol          0.076641        -0.000022      0.164294  0.038595  1.000000   \n",
       "sysBP            0.255926         0.057000      0.696656  0.111265  0.209878   \n",
       "diaBP            0.189609         0.045153      0.615840  0.050260  0.165867   \n",
       "BMI              0.096605         0.028074      0.303683  0.094290  0.114759   \n",
       "heartRate        0.011192        -0.017680      0.146895  0.048972  0.089872   \n",
       "glucose          0.056092         0.017482      0.094679  0.621650  0.044171   \n",
       "TenYearCHD       0.095260         0.061823      0.177458  0.097344  0.082697   \n",
       "\n",
       "                    sysBP     diaBP       BMI  heartRate   glucose  TenYearCHD  \n",
       "male            -0.035879  0.058199  0.081303  -0.116818  0.001341    0.088374  \n",
       "age              0.394053  0.205586  0.140074  -0.012703  0.126203    0.225408  \n",
       "education       -0.134259 -0.063594 -0.143668  -0.055403 -0.038888   -0.055531  \n",
       "currentSmoker   -0.130281 -0.107933 -0.166702   0.062759 -0.055232    0.019448  \n",
       "cigsPerDay      -0.089049 -0.056438 -0.092420   0.075119 -0.054745    0.056768  \n",
       "BPMeds           0.255926  0.189609  0.096605   0.011192  0.056092    0.095260  \n",
       "prevalentStroke  0.057000  0.045153  0.028074  -0.017680  0.017482    0.061823  \n",
       "prevalentHyp     0.696656  0.615840  0.303683   0.146895  0.094679    0.177458  \n",
       "diabetes         0.111265  0.050260  0.094290   0.048972  0.621650    0.097344  \n",
       "totChol          0.209878  0.165867  0.114759   0.089872  0.044171    0.082697  \n",
       "sysBP            1.000000  0.783952  0.331705   0.182229  0.150986    0.216374  \n",
       "diaBP            0.783952  1.000000  0.379401   0.180955  0.064870    0.145112  \n",
       "BMI              0.331705  0.379401  1.000000   0.067959  0.092402    0.079056  \n",
       "heartRate        0.182229  0.180955  0.067959   1.000000  0.090418    0.023082  \n",
       "glucose          0.150986  0.064870  0.092402   0.090418  1.000000    0.129600  \n",
       "TenYearCHD       0.216374  0.145112  0.079056   0.023082  0.129600    1.000000  "
      ]
     },
     "execution_count": 8,
     "metadata": {},
     "output_type": "execute_result"
    }
   ],
   "source": [
    "df.corr()"
   ]
  },
  {
   "cell_type": "code",
   "execution_count": 11,
   "id": "ed5bec75-7123-4634-a5e4-60a3a287114f",
   "metadata": {},
   "outputs": [],
   "source": [
    "x = df.drop('TenYearCHD', axis = 1)\n",
    "y = df['TenYearCHD']"
   ]
  },
  {
   "cell_type": "code",
   "execution_count": 12,
   "id": "2e12556f-6917-4a53-9519-b46ce7650a98",
   "metadata": {},
   "outputs": [],
   "source": [
    "from sklearn.model_selection import train_test_split\n",
    "x_train, x_test, y_train, y_test = train_test_split(x, y, train_size = 0.7, random_state = 12345)"
   ]
  },
  {
   "cell_type": "code",
   "execution_count": 13,
   "id": "f220088c-63cc-4421-82a6-a9a7e1cf12bc",
   "metadata": {},
   "outputs": [],
   "source": [
    "def build_dt_model():\n",
    "    from sklearn.tree import DecisionTreeClassifier\n",
    "    model = DecisionTreeClassifier()\n",
    "    model.fit(x_train, y_train)\n",
    "    return model"
   ]
  },
  {
   "cell_type": "code",
   "execution_count": 14,
   "id": "166a08ca-5011-4c55-9c1b-88626e35655b",
   "metadata": {},
   "outputs": [],
   "source": [
    "def build_rd_model():\n",
    "    from sklearn.ensemble import RandomForestClassifier\n",
    "    model = RandomForestClassifier(n_estimators=100)\n",
    "    model.fit(x_train, y_train)\n",
    "    return model"
   ]
  },
  {
   "cell_type": "code",
   "execution_count": 15,
   "id": "1a7ffd61-b889-4c97-967e-851c0df57ac5",
   "metadata": {},
   "outputs": [],
   "source": [
    "def build_cb_model():\n",
    "    from catboost import CatBoostClassifier\n",
    "    model = CatBoostClassifier()\n",
    "    model.fit(x_train, y_train)\n",
    "    return model"
   ]
  },
  {
   "cell_type": "code",
   "execution_count": 16,
   "id": "f438bf2c-4330-463a-982d-df7788647b10",
   "metadata": {},
   "outputs": [],
   "source": [
    "def build_xgb_model():\n",
    "    from xgboost import XGBClassifier\n",
    "    model = XGBClassifier()\n",
    "    model.fit(x_train, y_train)\n",
    "    return model"
   ]
  },
  {
   "cell_type": "code",
   "execution_count": 17,
   "id": "d690cb10-fdd2-409c-8632-62e40c0ea80e",
   "metadata": {},
   "outputs": [],
   "source": [
    "def evaluate_model(model):\n",
    "    y_true = y_test\n",
    "    y_pred = model.predict(x_test)\n",
    "    from sklearn.metrics import accuracy_score, precision_score, recall_score, f1_score\n",
    "\n",
    "    accuracy = f\"{accuracy_score(y_true, y_pred):.2f}\"\n",
    "    precision = f\"{precision_score(y_true, y_pred):.2f}\"\n",
    "    recall = f\"{recall_score(y_true, y_pred):.2f}\"\n",
    "    f1 = f\"{f1_score(y_true, y_pred):.2f}\"\n",
    "\n",
    "    return accuracy, precision, recall, f1"
   ]
  },
  {
   "cell_type": "code",
   "execution_count": 18,
   "id": "68c0273f-8aa3-4a28-9d1f-317ece089265",
   "metadata": {},
   "outputs": [
    {
     "name": "stdout",
     "output_type": "stream",
     "text": [
      "Learning rate set to 0.016394\n",
      "0:\tlearn: 0.6826554\ttotal: 52ms\tremaining: 51.9s\n",
      "1:\tlearn: 0.6717195\ttotal: 54.4ms\tremaining: 27.2s\n",
      "2:\tlearn: 0.6616805\ttotal: 56.6ms\tremaining: 18.8s\n",
      "3:\tlearn: 0.6510313\ttotal: 58.9ms\tremaining: 14.7s\n",
      "4:\tlearn: 0.6409924\ttotal: 61.2ms\tremaining: 12.2s\n",
      "5:\tlearn: 0.6318018\ttotal: 63.6ms\tremaining: 10.5s\n",
      "6:\tlearn: 0.6227730\ttotal: 65.8ms\tremaining: 9.33s\n",
      "7:\tlearn: 0.6137826\ttotal: 68.3ms\tremaining: 8.47s\n",
      "8:\tlearn: 0.6058145\ttotal: 70.4ms\tremaining: 7.75s\n",
      "9:\tlearn: 0.5979755\ttotal: 72.7ms\tremaining: 7.2s\n",
      "10:\tlearn: 0.5898963\ttotal: 75ms\tremaining: 6.75s\n",
      "11:\tlearn: 0.5822725\ttotal: 77.4ms\tremaining: 6.37s\n",
      "12:\tlearn: 0.5749766\ttotal: 79.6ms\tremaining: 6.04s\n",
      "13:\tlearn: 0.5688287\ttotal: 81.9ms\tremaining: 5.77s\n",
      "14:\tlearn: 0.5632015\ttotal: 84.4ms\tremaining: 5.54s\n",
      "15:\tlearn: 0.5560264\ttotal: 86.6ms\tremaining: 5.33s\n",
      "16:\tlearn: 0.5501196\ttotal: 88.7ms\tremaining: 5.13s\n",
      "17:\tlearn: 0.5442623\ttotal: 90.7ms\tremaining: 4.95s\n",
      "18:\tlearn: 0.5388582\ttotal: 92.5ms\tremaining: 4.77s\n",
      "19:\tlearn: 0.5334967\ttotal: 94.2ms\tremaining: 4.61s\n",
      "20:\tlearn: 0.5283739\ttotal: 95.7ms\tremaining: 4.46s\n",
      "21:\tlearn: 0.5235775\ttotal: 97.1ms\tremaining: 4.32s\n",
      "22:\tlearn: 0.5185257\ttotal: 98.5ms\tremaining: 4.18s\n",
      "23:\tlearn: 0.5134228\ttotal: 99.8ms\tremaining: 4.06s\n",
      "24:\tlearn: 0.5085629\ttotal: 101ms\tremaining: 3.94s\n",
      "25:\tlearn: 0.5043471\ttotal: 102ms\tremaining: 3.82s\n",
      "26:\tlearn: 0.5000844\ttotal: 103ms\tremaining: 3.71s\n",
      "27:\tlearn: 0.4958119\ttotal: 104ms\tremaining: 3.61s\n",
      "28:\tlearn: 0.4919184\ttotal: 105ms\tremaining: 3.51s\n",
      "29:\tlearn: 0.4881748\ttotal: 106ms\tremaining: 3.42s\n",
      "30:\tlearn: 0.4839776\ttotal: 107ms\tremaining: 3.33s\n",
      "31:\tlearn: 0.4800757\ttotal: 107ms\tremaining: 3.25s\n",
      "32:\tlearn: 0.4768668\ttotal: 108ms\tremaining: 3.17s\n",
      "33:\tlearn: 0.4735166\ttotal: 109ms\tremaining: 3.09s\n",
      "34:\tlearn: 0.4701636\ttotal: 110ms\tremaining: 3.02s\n",
      "35:\tlearn: 0.4670495\ttotal: 110ms\tremaining: 2.96s\n",
      "36:\tlearn: 0.4640846\ttotal: 111ms\tremaining: 2.89s\n",
      "37:\tlearn: 0.4611965\ttotal: 112ms\tremaining: 2.83s\n",
      "38:\tlearn: 0.4583758\ttotal: 112ms\tremaining: 2.77s\n",
      "39:\tlearn: 0.4559340\ttotal: 113ms\tremaining: 2.71s\n",
      "40:\tlearn: 0.4532077\ttotal: 114ms\tremaining: 2.66s\n",
      "41:\tlearn: 0.4509272\ttotal: 114ms\tremaining: 2.61s\n",
      "42:\tlearn: 0.4488961\ttotal: 115ms\tremaining: 2.56s\n",
      "43:\tlearn: 0.4461660\ttotal: 116ms\tremaining: 2.52s\n",
      "44:\tlearn: 0.4436288\ttotal: 117ms\tremaining: 2.48s\n",
      "45:\tlearn: 0.4413389\ttotal: 117ms\tremaining: 2.44s\n",
      "46:\tlearn: 0.4392029\ttotal: 118ms\tremaining: 2.4s\n",
      "47:\tlearn: 0.4371002\ttotal: 119ms\tremaining: 2.36s\n",
      "48:\tlearn: 0.4350091\ttotal: 120ms\tremaining: 2.32s\n",
      "49:\tlearn: 0.4330022\ttotal: 120ms\tremaining: 2.29s\n",
      "50:\tlearn: 0.4312375\ttotal: 121ms\tremaining: 2.25s\n",
      "51:\tlearn: 0.4292880\ttotal: 122ms\tremaining: 2.22s\n",
      "52:\tlearn: 0.4273384\ttotal: 122ms\tremaining: 2.19s\n",
      "53:\tlearn: 0.4256104\ttotal: 123ms\tremaining: 2.16s\n",
      "54:\tlearn: 0.4238317\ttotal: 124ms\tremaining: 2.13s\n",
      "55:\tlearn: 0.4224954\ttotal: 125ms\tremaining: 2.1s\n",
      "56:\tlearn: 0.4206498\ttotal: 125ms\tremaining: 2.07s\n",
      "57:\tlearn: 0.4191981\ttotal: 126ms\tremaining: 2.05s\n",
      "58:\tlearn: 0.4172209\ttotal: 127ms\tremaining: 2.02s\n",
      "59:\tlearn: 0.4158141\ttotal: 127ms\tremaining: 2s\n",
      "60:\tlearn: 0.4146967\ttotal: 128ms\tremaining: 1.97s\n",
      "61:\tlearn: 0.4134487\ttotal: 129ms\tremaining: 1.95s\n",
      "62:\tlearn: 0.4120838\ttotal: 130ms\tremaining: 1.93s\n",
      "63:\tlearn: 0.4105979\ttotal: 130ms\tremaining: 1.91s\n",
      "64:\tlearn: 0.4097311\ttotal: 131ms\tremaining: 1.89s\n",
      "65:\tlearn: 0.4082664\ttotal: 132ms\tremaining: 1.86s\n",
      "66:\tlearn: 0.4072299\ttotal: 133ms\tremaining: 1.84s\n",
      "67:\tlearn: 0.4060815\ttotal: 133ms\tremaining: 1.83s\n",
